id1,id2,matching_probability
100,575,1.0
100,691,1.0
1002,567,0.573333333333
1007,1259,0.9
1008,1599,1.0
101,164,0.9
101,70,1.0
1015,388,0.641666666667
1015,83,0.933333333333
1018,79,1.0
1019,106,1.0
1019,1413,1.0
1019,269,1.0
1019,881,1.0
1020,234,1.0
1021,93,1.0
1023,155,0.9
1027,29,1.0
1028,311,0.9
103,253,0.95
1032,145,0.9
1032,32,1.0
1034,192,0.9
1034,2608,0.9
1038,405,1.0
1039,176,0.9
1043,59,0.9
1049,110,0.9
105,156,0.9
1050,388,0.9
1050,83,0.6
1054,565,1.0
1058,209,1.0
1058,532,0.635303030303
1058,585,1.0
1058,626,0.635303030303
1058,674,1.0
1058,704,0.971428571429
1058,713,0.971428571429
1061,327,1.0
1062,203,1.0
1062,2612,1.0
1063,305,1.0
107,121,1.0
107,348,0.875
1072,11,1.0
1074,470,1.0
1077,444,1.0
1077,942,0.559285714286
1079,129,0.9
1079,2595,0.9
1082,165,0.7
109,168,0.9
1090,354,0.9
1090,383,0.9
1091,107,1.0
1091,225,1.0
1092,204,1.0
1094,174,1.0
1097,492,1.0
1098,513,0.9
1099,503,0.8
110,221,0.8
110,826,0.9
1103,222,1.0
111,41,0.707142857143
111,75,1.0
1115,396,0.988888888889
1117,367,1.0
1121,69,1.0
1122,94,1.0
1128,1161,1.0
1129,39,1.0
113,135,1.0
1133,639,1.0
1134,198,1.0
1137,673,0.9
1139,76,0.9
114,405,1.0
1142,354,0.8
1142,383,0.988888888889
1143,799,0.9
1144,835,0.9
1145,281,1.0
1150,2889,0.719523809524
1150,303,1.0
1150,435,1.0
1162,208,1.0
1163,303,1.0
1163,435,1.0
1166,145,0.9
1166,32,0.6
1171,995,1.0
1172,655,1.0
1173,753,1.0
1174,626,0.6
1176,477,0.9
1178,597,1.0
1181,1030,0.968888888889
1182,587,0.968888888889
1183,116,0.883333333333
1183,146,0.9
1191,1000,0.946666666667
1191,1050,1.0
1191,795,0.9
1192,2785,0.8
1192,784,0.8
1193,1200,1.0
1193,1452,1.0
1194,432,1.0
1198,487,1.0
12,19,1.0
1204,451,0.9
1206,758,1.0
1206,901,1.0
1208,619,1.0
121,176,0.9
1211,724,1.0
1211,875,1.0
1213,368,1.0
1216,116,1.0
1216,146,0.533333333333
1218,325,1.0
1219,439,1.0
1225,603,0.968888888889
1225,734,0.878332223332
1229,372,1.0
123,255,1.0
123,33,0.8
1233,560,0.583333333333
1235,145,0.7
1235,32,1.0
124,272,1.0
1240,370,0.781666666667
1246,1064,1.0
1249,106,0.633333333333
1249,881,1.0
1252,1020,0.8
1252,195,1.0
1268,690,1.0
1281,81,0.9
1285,192,1.0
1285,2608,1.0
1287,603,0.878332223332
1287,734,0.968888888889
1292,119,0.9
1294,1013,1.0
1296,86,0.9
1298,1168,1.0
130,15,0.9
1300,145,0.86
1300,32,0.8
1304,856,1.0
1310,459,0.9
1317,1219,1.0
1325,470,1.0
1328,175,0.9
1334,1135,1.0
1334,873,0.9
1339,778,1.0
1340,1064,1.0
1343,646,1.0
1354,1060,0.9
136,58,1.0
137,112,0.988888888889
137,24,0.683333333333
1370,116,0.65
1370,146,0.95
1376,891,0.9
1391,1134,1.0
1396,1515,1.0
1399,1458,0.8
1405,1061,0.9
142,242,1.0
1431,941,1.0
144,118,1.0
1469,1600,0.521666666667
1471,1599,1.0
1476,60,1.0
1477,240,1.0
1477,583,0.9
1477,590,0.9
1477,612,1.0
1478,143,0.8
1480,13,1.0
1480,51,1.0
1481,31,1.0
1481,63,1.0
1485,19,1.0
1489,37,0.6
1496,79,1.0
1497,73,1.0
1501,52,1.0
1501,583,0.533333333333
1501,590,1.0
1501,612,1.0
1502,41,0.9
1502,75,0.975
1507,106,1.0
1507,1413,1.0
1507,269,1.0
1507,881,1.0
1509,24,1.0
1510,127,1.0
1510,5,1.0
1510,98,0.9
1511,114,1.0
1512,53,0.9
1512,58,0.9
152,110,0.9
1520,54,0.9
1520,65,0.8
1523,153,0.9
1525,65,1.0
1528,13,1.0
1528,51,0.8
1529,200,1.0
153,152,1.0
1534,50,1.0
1537,157,1.0
1545,100,0.9
1545,181,0.6
1545,49,1.0
1545,64,0.58619047619
1545,89,0.9
1548,29,1.0
1551,33,1.0
1551,796,1.0
1552,141,0.788888888889
1560,387,1.0
1562,361,1.0
1562,97,1.0
1563,90,1.0
1566,74,1.0
1568,192,0.9
1568,2608,0.9
1570,56,0.92
1572,378,1.0
1573,575,1.0
1573,691,1.0
1574,164,0.9
1574,70,1.0
1576,253,0.95
1578,156,0.9
1580,121,1.0
1580,348,0.875
1582,168,0.9
1583,221,0.8
1583,826,0.9
1584,41,0.707142857143
1584,75,1.0
1586,135,1.0
1587,405,1.0
1594,176,0.9
1596,255,1.0
1596,33,0.8
1597,272,1.0
16,37,0.6
160,50,1.0
1603,15,0.9
1609,58,1.0
1610,112,0.988888888889
1615,242,1.0
1617,118,1.0
1625,110,0.9
1626,152,1.0
163,21,0.9
163,331,0.9
1633,50,1.0
1636,21,0.9
1636,331,0.9
1637,14,0.761428571429
1637,7,0.925
1639,238,0.988888888889
164,14,0.761428571429
164,7,0.925
1642,561,1.0
1643,199,0.9
1643,466,1.0
1645,245,1.0
1649,237,0.9
1649,88,1.0
1652,166,1.0
1654,224,1.0
1655,150,1.0
1656,344,1.0
1658,1557,0.7
1658,162,0.988888888889
1658,391,1.0
1659,143,1.0
1659,2,1.0
166,238,0.988888888889
1660,508,1.0
1661,209,1.0
1661,532,0.635303030303
1661,585,1.0
1661,626,0.635303030303
1661,674,1.0
1661,704,0.971428571429
1661,713,0.971428571429
1666,327,1.0
1667,186,1.0
1670,305,1.0
1672,125,0.988888888889
1673,328,1.0
1675,295,1.0
1675,612,1.0
1677,220,0.8
1677,670,0.875
1680,25,0.8
1680,55,1.0
1681,1054,0.7
1681,8,1.0
1685,109,1.0
1686,194,0.9
1686,294,0.625
1686,579,0.533333333333
169,561,1.0
170,199,0.9
170,466,1.0
1700,650,1.0
1701,180,1.0
1704,11,1.0
1707,379,0.9
1709,385,0.8
1710,285,1.0
1711,183,0.8
1713,231,1.0
1714,18,0.8
1717,151,1.0
1718,444,1.0
1718,942,0.559285714286
172,245,1.0
1721,178,1.0
1722,163,1.0
1722,425,1.0
1723,26,0.8
1725,191,0.9
1727,129,0.9
1727,2595,0.9
1728,334,0.833333333333
1728,463,1.0
1730,274,0.9
1732,1100,0.7
1732,472,1.0
1732,871,0.9
1732,9,1.0
1736,374,1.0
1740,1100,1.0
1740,214,0.8
1740,583,0.633333333333
1740,590,0.8
1744,3,1.0
1747,254,0.6
1748,656,0.65
1751,95,0.9
1752,107,1.0
1752,225,1.0
1754,317,1.0
1754,472,0.9
1755,174,1.0
1757,43,1.0
1758,196,0.988888888889
1759,492,1.0
176,237,0.9
176,88,1.0
1762,503,0.8
1768,177,0.866666666667
1770,275,1.0
1773,291,0.9
1779,188,1.0
1785,36,1.0
1786,231,0.6
1786,297,1.0
1787,100,0.7
1787,181,0.8
1787,49,0.666666666667
1787,64,0.95
1789,465,0.9
179,166,1.0
1790,7,0.757142857143
1793,197,0.9
1793,537,1.0
1797,345,1.0
1799,331,0.9
1799,933,0.9
1800,530,1.0
1804,396,0.988888888889
1808,69,1.0
1809,280,1.0
181,224,1.0
1810,231,0.623333333333
1810,297,0.7
1810,315,1.0
1811,407,1.0
1813,1057,1.0
1813,1122,1.0
1815,194,1.0
1815,294,0.988888888889
1815,579,0.9
182,150,1.0
1824,759,1.0
1825,426,1.0
1826,322,1.0
1827,215,1.0
183,344,1.0
1830,288,0.988888888889
1835,180,0.525
1835,335,1.0
1838,498,1.0
1838,721,0.95
1843,484,1.0
1848,685,1.0
185,1557,0.7
185,162,0.988888888889
185,391,1.0
1852,575,1.0
1852,691,1.0
1857,639,1.0
1858,198,1.0
186,143,1.0
186,2,1.0
1860,164,1.0
1860,70,1.0
1862,625,0.9
1864,673,0.9
1869,76,0.9
187,508,1.0
1870,406,1.0
1874,364,1.0
1875,225,1.0
188,209,1.0
188,532,0.635303030303
188,585,1.0
188,626,0.635303030303
188,674,1.0
188,704,0.971428571429
188,713,0.971428571429
1880,981,1.0
1882,281,1.0
1888,248,0.9
1890,1054,0.57
1890,1186,1.0
1890,1584,1.0
1891,270,0.9
1891,786,0.9
1897,2889,0.719523809524
1897,303,1.0
1903,722,1.0
1906,358,1.0
1910,282,0.9
1915,541,1.0
1916,473,1.0
1919,1100,0.8
1919,518,0.8
1925,421,0.7
1926,769,1.0
1927,199,0.7
1927,466,0.8
1928,208,1.0
193,327,1.0
1930,303,1.0
1930,435,1.0
1934,640,1.0
194,186,1.0
1940,995,1.0
1945,527,1.0
1947,655,1.0
1949,753,1.0
1954,1160,1.0
1954,275,1.0
1956,40,0.8
1956,5,1.0
1956,809,0.9
1956,98,0.933333333333
1960,498,0.85
1960,721,1.0
1963,433,1.0
197,305,1.0
1975,4,1.0
1975,435,1.0
1976,627,1.0
1979,1000,0.946666666667
1979,1050,1.0
1979,795,0.9
1980,2785,0.8
1980,784,0.8
1981,596,0.85
1981,668,1.0
1981,804,0.966666666667
1981,916,1.0
199,125,0.988888888889
1990,487,1.0
1993,34,1.0
1994,550,0.7
1998,1057,1.0
1998,1122,0.9
1999,984,1.0
200,328,1.0
2002,638,0.9
2008,724,1.0
2008,875,1.0
2013,613,1.0
2019,325,1.0
202,295,1.0
202,612,1.0
2020,439,1.0
2023,400,1.0
2026,746,1.0
2027,871,1.0
2028,524,1.0
2029,801,0.8
2033,536,1.0
2034,420,1.0
2034,738,0.9
2035,603,0.968888888889
2035,734,0.878332223332
2036,725,1.0
2039,194,1.0
2039,294,0.9
2039,579,0.95
204,220,0.8
204,670,0.875
2042,947,1.0
2048,848,0.85
2050,409,0.868888888889
2054,852,0.888888888889
2055,403,0.9
2069,763,1.0
207,25,0.8
207,55,1.0
2073,1064,1.0
2074,611,1.0
2078,106,0.633333333333
2078,881,1.0
208,1054,0.7
208,8,1.0
2080,547,0.9
2086,313,0.9
2088,1020,0.8
2088,195,1.0
2103,1557,0.525
2103,162,0.988888888889
2103,391,1.0
2104,717,0.968888888889
2105,1233,1.0
2115,917,1.0
212,109,1.0
2124,690,1.0
2125,830,0.8
213,194,0.9
213,294,0.625
213,579,0.533333333333
2130,596,1.0
2142,697,0.9
2145,81,0.9
2147,1096,1.0
2151,1137,1.0
2154,1126,1.0
2155,572,1.0
2156,603,0.878332223332
2156,734,0.968888888889
2163,833,0.988888888889
2166,1013,1.0
2171,86,0.9
2174,1168,1.0
2195,40,1.0
2195,5,0.9
2195,809,1.0
2195,98,0.9
2197,840,0.8
2207,972,0.988888888889
2222,352,0.9
2224,745,0.988888888889
2230,802,1.0
2231,778,1.0
2233,1064,1.0
2235,1106,1.0
2237,700,1.0
2238,894,0.968888888889
2242,646,1.0
2251,950,1.0
2258,630,0.9
2264,1060,0.9
2266,1194,0.988888888889
227,650,1.0
2274,237,1.0
2274,88,1.0
228,180,1.0
2293,702,1.0
2294,1239,0.9
2298,668,0.623333333333
2298,804,1.0
23,79,1.0
2303,891,0.9
231,11,1.0
2316,1452,1.0
2325,1134,1.0
2335,1515,1.0
2336,984,1.0
234,379,0.9
2347,1458,0.8
236,385,0.8
2365,1061,0.9
2369,431,0.9
237,285,1.0
2379,895,0.888888888889
238,183,0.8
2394,904,0.9
24,73,1.0
240,231,1.0
2400,1006,0.740317460317
2404,941,1.0
241,18,0.8
2422,527,0.9
244,151,1.0
2445,306,1.0
245,444,1.0
245,942,0.559285714286
2450,434,1.0
2450,759,1.0
248,178,1.0
249,163,1.0
249,425,1.0
2499,192,0.9
2499,2608,0.9
250,26,0.8
252,191,0.9
2523,565,1.0
254,129,0.9
254,2595,0.9
255,334,0.833333333333
255,463,1.0
257,274,0.9
259,1100,0.7
259,472,1.0
259,871,0.9
259,9,1.0
263,374,1.0
267,1100,1.0
267,214,0.8
267,583,0.633333333333
267,590,0.8
2685,477,0.9
2686,2681,0.65
2692,116,0.883333333333
2692,146,0.9
271,3,1.0
2719,758,1.0
2719,901,1.0
2732,116,1.0
2732,146,0.533333333333
274,254,0.6
275,656,0.65
278,95,0.9
279,107,1.0
279,225,1.0
28,52,1.0
28,583,0.533333333333
28,590,1.0
28,612,1.0
281,317,1.0
281,472,0.9
2813,192,1.0
2813,2608,1.0
282,174,1.0
284,43,1.0
2848,1219,1.0
285,196,0.988888888889
2853,175,0.9
286,492,1.0
2869,2749,0.95
289,503,0.8
29,41,0.9
29,75,0.975
2910,116,0.65
2910,146,0.95
2935,2720,0.6
295,177,0.866666666667
297,275,1.0
3,60,1.0
300,291,0.9
306,188,1.0
3065,1600,0.521666666667
3070,413,0.788888888889
3070,80,0.888888888889
3071,187,1.0
3073,217,0.8
3073,963,0.8
3076,277,0.9
3076,957,0.8
3084,363,0.968888888889
3084,823,0.625
3091,1102,1.0
3091,1449,0.9
3092,217,0.725
3092,963,0.85
3101,589,0.9
3104,447,0.9
3107,1149,0.988888888889
3108,842,1.0
3111,1260,0.8
3113,1101,0.9
312,36,1.0
313,231,0.6
313,297,1.0
314,100,0.7
314,181,0.8
314,49,0.666666666667
314,64,0.95
316,465,0.9
317,7,0.757142857143
320,197,0.9
320,537,1.0
324,345,1.0
326,331,0.9
326,933,0.9
327,530,1.0
331,396,0.988888888889
335,69,1.0
336,280,1.0
337,231,0.623333333333
337,297,0.7
337,315,1.0
338,407,1.0
34,106,1.0
34,1413,1.0
34,269,1.0
34,881,1.0
340,1057,1.0
340,1122,1.0
342,194,1.0
342,294,0.988888888889
342,579,0.9
351,759,1.0
352,426,1.0
353,322,1.0
354,215,1.0
357,288,0.988888888889
36,24,1.0
362,180,0.525
362,335,1.0
365,498,1.0
365,721,0.95
37,127,1.0
37,5,1.0
37,98,0.9
370,484,1.0
375,685,1.0
379,575,1.0
379,691,1.0
38,114,1.0
384,639,1.0
385,198,1.0
387,164,1.0
387,70,1.0
389,625,0.9
39,53,0.9
39,58,0.9
391,673,0.9
396,76,0.9
397,406,1.0
4,240,1.0
4,583,0.9
4,590,0.9
4,612,1.0
401,364,1.0
402,225,1.0
407,981,1.0
409,281,1.0
415,248,0.9
417,1054,0.57
417,1186,1.0
417,1584,1.0
418,270,0.9
418,786,0.9
424,2889,0.719523809524
424,303,1.0
430,722,1.0
433,358,1.0
437,282,0.9
442,541,1.0
443,473,1.0
446,1100,0.8
446,518,0.8
452,421,0.7
453,769,1.0
454,199,0.7
454,466,0.8
455,208,1.0
457,303,1.0
457,435,1.0
461,640,1.0
467,995,1.0
47,54,0.9
47,65,0.8
472,527,1.0
474,655,1.0
476,753,1.0
481,1160,1.0
481,275,1.0
483,40,0.8
483,5,1.0
483,809,0.9
483,98,0.933333333333
487,498,0.85
487,721,1.0
490,433,1.0
5,143,0.8
50,153,0.9
502,4,1.0
502,435,1.0
503,627,1.0
506,1000,0.946666666667
506,1050,1.0
506,795,0.9
507,2785,0.8
507,784,0.8
508,596,0.85
508,668,1.0
508,804,0.966666666667
508,916,1.0
517,487,1.0
52,65,1.0
520,34,1.0
521,550,0.7
525,1057,1.0
525,1122,0.9
526,984,1.0
529,638,0.9
535,724,1.0
535,875,1.0
540,613,1.0
546,325,1.0
547,439,1.0
55,13,1.0
55,51,0.8
550,400,1.0
553,746,1.0
554,871,1.0
555,524,1.0
556,801,0.8
56,200,1.0
560,536,1.0
561,420,1.0
561,738,0.9
562,603,0.968888888889
562,734,0.878332223332
563,725,1.0
566,194,1.0
566,294,0.9
566,579,0.95
569,947,1.0
575,848,0.85
577,409,0.868888888889
581,852,0.888888888889
582,403,0.9
596,763,1.0
600,1064,1.0
601,611,1.0
605,106,0.633333333333
605,881,1.0
607,547,0.9
61,50,1.0
613,313,0.9
615,1020,0.8
615,195,1.0
630,1557,0.525
630,162,0.988888888889
630,391,1.0
631,717,0.968888888889
632,1233,1.0
64,157,1.0
642,917,1.0
651,690,1.0
652,830,0.8
657,596,1.0
669,697,0.9
672,81,0.9
674,1096,1.0
678,1137,1.0
681,1126,1.0
682,572,1.0
683,603,0.878332223332
683,734,0.968888888889
690,833,0.988888888889
693,1013,1.0
698,86,0.9
7,13,1.0
7,51,1.0
701,1168,1.0
72,100,0.9
72,181,0.6
72,49,1.0
72,64,0.58619047619
72,89,0.9
722,40,1.0
722,5,0.9
722,809,1.0
722,98,0.9
724,840,0.8
734,972,0.988888888889
749,352,0.9
75,29,1.0
751,745,0.988888888889
757,802,1.0
758,778,1.0
760,1064,1.0
762,1106,1.0
764,700,1.0
765,894,0.968888888889
769,646,1.0
778,950,1.0
78,33,1.0
78,796,1.0
785,630,0.9
79,141,0.788888888889
791,1060,0.9
793,1194,0.988888888889
8,31,1.0
8,63,1.0
801,237,1.0
801,88,1.0
820,702,1.0
821,1239,0.9
825,668,0.623333333333
825,804,1.0
830,891,0.9
843,1452,1.0
852,1134,1.0
862,1515,1.0
863,984,1.0
87,387,1.0
874,1458,0.8
89,361,1.0
89,97,1.0
892,1061,0.9
896,431,0.9
90,90,1.0
906,895,0.888888888889
921,904,0.9
927,1006,0.740317460317
93,74,1.0
931,941,1.0
949,527,0.9
95,192,0.9
95,2608,0.9
97,56,0.92
972,306,1.0
977,434,1.0
977,759,1.0
99,378,1.0
993,91,1.0
997,1273,0.533333333333
